	GLY	ALA	PRO	CYS	MET	ILE	LEU	VAL	PHE	TRP	TYR	HIS	ARG	LYS	GLN	ASN	ASP	GLU	SER	THR
GLY	9766.0	1318.0	107.0	112.0	55.0	133.0	185.0	207.0	101.0	16.0	60.0	37.0	32.0	13.0	49.0	78.0	63.0	38.0	353.0	185.0
ALA	1318.0	10468.0	297.0	482.0	260.0	651.0	992.0	1562.0	341.0	74.0	119.0	60.0	44.0	26.0	73.0	87.0	58.0	48.0	1016.0	684.0
PRO	107.0	297.0	3030.0	28.0	36.0	115.0	158.0	177.0	47.0	12.0	33.0	11.0	7.0	6.0	28.0	27.0	24.0	14.0	111.0	107.0
CYS	112.0	482.0	28.0	2604.0	83.0	157.0	211.0	400.0	64.0	15.0	24.0	20.0	2.0	0.0	15.0	48.0	17.0	14.0	140.0	139.0
MET	55.0	260.0	36.0	83.0	1762.0	531.0	1240.0	458.0	253.0	46.0	85.0	23.0	10.0	5.0	68.0	45.0	13.0	17.0	77.0	139.0
ILE	133.0	651.0	115.0	157.0	531.0	6878.0	2616.0	3115.0	563.0	62.0	182.0	64.0	25.0	17.0	58.0	81.0	18.0	35.0	146.0	303.0
LEU	185.0	992.0	158.0	211.0	1240.0	2616.0	12032.0	2264.0	1213.0	150.0	318.0	77.0	53.0	18.0	95.0	112.0	40.0	60.0	175.0	364.0
VAL	207.0	1562.0	177.0	400.0	458.0	3115.0	2264.0	9304.0	613.0	66.0	189.0	66.0	43.0	19.0	55.0	88.0	36.0	50.0	307.0	601.0
PHE	101.0	341.0	47.0	64.0	253.0	563.0	1213.0	613.0	4938.0	201.0	716.0	58.0	35.0	15.0	39.0	44.0	22.0	22.0	75.0	114.0
TRP	16.0	74.0	12.0	15.0	46.0	62.0	150.0	66.0	201.0	1610.0	92.0	37.0	9.0	0.0	9.0	13.0	2.0	3.0	20.0	16.0
TYR	60.0	119.0	33.0	24.0	85.0	182.0	318.0	189.0	716.0	92.0	2984.0	65.0	28.0	9.0	26.0	37.0	19.0	31.0	60.0	74.0
HIS	37.0	60.0	11.0	20.0	23.0	64.0	77.0	66.0	58.0	37.0	65.0	1960.0	32.0	11.0	71.0	61.0	12.0	24.0	53.0	31.0
ARG	32.0	44.0	7.0	2.0	10.0	25.0	53.0	43.0	35.0	9.0	28.0	32.0	1540.0	59.0	16.0	15.0	2.0	7.0	20.0	19.0
LYS	13.0	26.0	6.0	0.0	5.0	17.0	18.0	19.0	15.0	0.0	9.0	11.0	59.0	656.0	10.0	11.0	1.0	6.0	18.0	21.0
GLN	49.0	73.0	28.0	15.0	68.0	58.0	95.0	55.0	39.0	9.0	26.0	71.0	16.0	10.0	1172.0	56.0	18.0	79.0	34.0	45.0
ASN	78.0	87.0	27.0	48.0	45.0	81.0	112.0	88.0	44.0	13.0	37.0	61.0	15.0	11.0	56.0	1666.0	84.0	15.0	127.0	90.0
ASP	63.0	58.0	24.0	17.0	13.0	18.0	40.0	36.0	22.0	2.0	19.0	12.0	2.0	1.0	18.0	84.0	2424.0	56.0	70.0	56.0
GLU	38.0	48.0	14.0	14.0	17.0	35.0	60.0	50.0	22.0	3.0	31.0	24.0	7.0	6.0	79.0	15.0	56.0	1506.0	28.0	27.0
SER	353.0	1016.0	111.0	140.0	77.0	146.0	175.0	307.0	75.0	20.0	60.0	53.0	20.0	18.0	34.0	127.0	70.0	28.0	2820.0	546.0
THR	185.0	684.0	107.0	139.0	139.0	303.0	364.0	601.0	114.0	16.0	74.0	31.0	19.0	21.0	45.0	90.0	56.0	27.0	546.0	3434.0
